function setup() {
  createCanvas(400, 400);
}

function draw() {
  background(220);
  fill(260,300,300);
  circle(200,200,300);
  fill(300,250,250);
  circle(200,200,250);
  fill(250,240,240);
  circle(210,195,220);
  circle(206,190,220);
  fill(300,250,150);
  circle(200,200,230);
  fill(300,230,120);
  rect(130,150,10,130);
  rect(140,130,10,130);
  rect(150,120,10,130);
  rect(160,130,10,130);
  rect(170,140,10,130);
  rect(180,140,10,130);
  rect(180,270,100,10);
  rect(150,280,100,10);
  rect(160,120,100,10);
  rect(180,130,100,10);
  rect(200,140,10,130);
  rect(220,150,10,130);
  rect(235,150,10,130);
  rect(245,130,10,130);
  rect(255,140,10,130);
  fill(300,220,170);
  rect(255,130,10,20);
  rect(240,155,10,20);
  rect(220,185,20,10);
  rect(240,220,20,10);
  rect(190,220,20,10);
  rect(190,180,20,10);
  rect(150,190,10,20);
  rect(190,130,10,20);
  rect(140,120,10,20);
  rect(140,160,10,20);
  rect(130,200,10,20);
  rect(130,240,20,10);
  rect(200,250,20,10);
  rect(190,270,10,20);
  rect(170,230,20,10);


}
